3,3
4,4
5,5
6,6
8,8
9,9
14,14
16,16
18,18
19,19
29,29
38,38
39,39
42,42
48,48
49,49
52,52
54,54
55,55
57,57
58,58
72,72
74,74
88,88
90,90
91,91
92,92
93,93
109,109
127,127
136,136
138,138
146,146
149,149
151,151
171,171
177,177
179,179
180,180
181,181
182,182
189,189
190,190
191,191
192,192
266,266
270,270
271,271
275,275
276,276
444,444
447,447
548,548
555,555
556,556
557,557
558,558
559,559
560,560
564,564
572,572
573,573
574,574
575,575
576,576
585,585
586,586
587,587
588,588
591,591
592,592
593,593
595,595
596,596
597,597
598,598
599,599
601,601
602,602
604,604
605,605
607,607
608,608
609,609
615,615
616,616
617,617
620,620
640,640
643,643
644,644
645,645
646,646
647,647
649,649
650,650
689,689
690,690
691,691
693,693
695,695
699,699
700,700
724,724
725,725
729,729
731,731
732,732
738,738
739,739
741,741
742,742
743,743
744,744
745,745
748,748
754,754
755,755
766,766
767,767
769,769
771,771
772,772
773,773
774,774
775,775
777,777
781,781
784,784
800,800
802,802
804,804
805,805
814,814
818,818
826,826
863,863
868,868
880,880
881,881
883,883
906,906
907,907
909,909
921,921
937,937
938,938
941,941
968,968
970,970
974,974
984,984
986,986
988,988
1001,1001
1008,1008
1014,1014
1016,1016
1018,1018
1023,1023
1030,1030
1036,1036
1037,1037
1055,1055
1099,1099
1105,1105
1107,1107
1119,1119
1121,1121
1126,1126
1128,1128
1135,1135
1139,1139
1143,1143
1151,1151
1159,1159
1162,1162
1163,1163
1165,1165
1183,1183
1184,1184
1185,1185
1186,1186
1189,1189
1190,1190
1196,1196
1197,1197
1218,1218
1238,1238
1240,1240
1241,1241
1248,1248
1251,1251
1262,1262
1263,1293
1268,1268
1269,1290
1284,1293
1288,1288
1290,1290
1293,1293
1298,1298
1301,1301
1304,1304
1309,1309
1319,1319
1327,1327
1329,1329
1330,1330
1336,1336
1338,1338
1340,1340
1342,1342
1343,1343
1344,1344
1352,1352
1355,1355
1364,1364
1368,1368
1395,1395
1418,1418
1429,1429
1434,1434
1435,1435
1438,1438
1439,1439
1441,1441
1442,1442
1452,1452
1469,1469
1471,1471
1472,1472
1473,1473
1477,1477
1478,1478
1479,1479
1485,1485
1489,1489
1503,1503
1506,1506
1510,1510
1512,1512
1514,1514
1518,1518
1521,1521
1524,1524
1527,1527
1528,1528
1529,1529
1536,1536
1537,1537
1627,1627
1629,1629
1636,1636
1640,1640
1658,1658
1673,1673
1733,1733
1771,1771
1772,1772
1773,1773
1807,1807
1826,1826
1830,1830
1842,1842
1864,1864
1875,1911
1876,1876
1877,1877
1881,1881
1892,1892
1893,1893
1898,1898
1899,1899
1906,1906
1907,1907
1910,1910
1911,1911
1914,1914
1916,1916
1935,1935
1942,1942
1956,1956
1958,1958
1961,1961
1962,1962
1963,1963
2010,2010
2015,2015
2016,2016
2028,2028
2029,2029
2051,2051
2056,2056
2069,2069
2071,2071
2073,2073
2074,2074
2077,2077
2078,2078
2080,2080
2088,2088
2114,2114
2119,2119
2122,2195
2151,2151
2152,2152
2154,2154
2161,2161
2168,2168
2169,2169
2175,2175
2195,2195
2197,2197
2201,2201
2202,2202
2204,2205
2205,2205
2209,2209
2210,2210
2217,2217
2218,2218
2239,2239
2246,2246
2304,2304
2306,2306
2310,2310
